0.49586776859504	0.49586776859504	1.2
0.99173553719008	0.99173553719008	1.3
1.48760330578512	1.48760330578512	1.4
1.98347107438016	1.98347107438016	2.1
2.4793388429752	2.4793388429752	2.2
2.97520661157024	2.97520661157024	2.3
3.47107438016528	3.47107438016528	2.4
3.96694214876032	3.96694214876032	3.1
4.46280991735536	4.46280991735536	3.2
4.9586776859504	4.9586776859504	3.3
5.45454545454544	5.45454545454544	3.4
5.95041322314048	5.95041322314048	4.1
6.44628099173552	6.44628099173552	4.2
6.94214876033056	6.94214876033056	4.3
7.4380165289256	7.4380165289256	4.4
7.93388429752064	7.93388429752064	5.1
8.42975206611568	8.42975206611568	5.2
8.92561983471072	8.92561983471072	5.3
9.42148760330576	9.42148760330576	5.4
9.9173553719008	9.9173553719008	6.1
10.4132231404958	10.4132231404958	6.2
10.9090909090909	10.9090909090909	6.3
11.4049586776859	11.4049586776859	6.4
11.900826446281	11.900826446281	7.1
12.396694214876	12.396694214876	7.2
12.892561983471	12.892561983471	7.3
13.3884297520661	13.3884297520661	7.4
13.8842975206611	13.8842975206611	8.1
14.3801652892562	14.3801652892562	8.2
14.8760330578512	14.8760330578512	8.3
15.3719008264462	15.3719008264462	8.4
15.8677685950413	15.8677685950413	9.1
16.3636363636363	16.3636363636363	9.2
16.8595041322314	16.8595041322314	9.3
17.3553719008264	17.3553719008264	9.4
17.8512396694214	17.8512396694214	10.1
18.3471074380165	18.3471074380165	10.2
18.8429752066115	18.8429752066115	10.3
19.3388429752066	19.3388429752066	10.4
19.8347107438016	19.8347107438016	11.1
20.3305785123966	20.3305785123966	11.2
20.8264462809917	20.8264462809917	11.3
21.3223140495867	21.3223140495867	11.4
21.8181818181818	21.8181818181818	12.1
22.3140495867768	22.3140495867768	12.2
22.8099173553718	22.8099173553718	12.3
23.3057851239669	23.3057851239669	12.4
23.8016528925619	23.8016528925619	13.1
24.297520661157	24.297520661157	13.2
24.793388429752	24.793388429752	13.3
25.289256198347	25.289256198347	13.4
25.7851239669421	25.7851239669421	14.1
26.2809917355371	26.2809917355371	14.2
26.7768595041322	26.7768595041322	14.3
27.2727272727272	27.2727272727272	14.4
27.7685950413222	27.7685950413222	15.1
28.2644628099173	28.2644628099173	15.2
28.7603305785123	28.7603305785123	15.3
29.2561983471074	29.2561983471074	15.4
29.7520661157024	29.7520661157024	16.1
30.2479338842974	30.2479338842974	16.2
30.7438016528925	30.7438016528925	16.3
31.2396694214875	31.2396694214875	16.4
31.7355371900826	31.7355371900826	17.1
32.2314049586776	32.2314049586776	17.2
32.7272727272726	32.7272727272726	17.3
33.2231404958677	33.2231404958677	17.4
33.7190082644627	33.7190082644627	18.1
34.2148760330578	34.2148760330578	18.2
34.7107438016528	34.7107438016528	18.3
35.2066115702478	35.2066115702478	18.4
35.7024793388429	35.7024793388429	19.1
36.1983471074379	36.1983471074379	19.2
36.694214876033	36.694214876033	19.3
37.190082644628	37.190082644628	19.4
37.685950413223	37.685950413223	20.1
38.1818181818181	38.1818181818181	20.2
38.6776859504131	38.6776859504131	20.3
39.1735537190082	39.1735537190082	20.4
39.6694214876032	39.6694214876032	21.1
40.1652892561982	40.1652892561982	21.2
40.6611570247933	40.6611570247933	21.3
41.1570247933883	41.1570247933883	21.4
41.6528925619834	41.6528925619834	22.1
42.1487603305784	42.1487603305784	22.2
42.6446280991734	42.6446280991734	22.3
43.1404958677685	43.1404958677685	22.4
43.6363636363635	43.6363636363635	23.1
44.1322314049586	44.1322314049586	23.2
44.6280991735536	44.6280991735536	23.3
45.1239669421486	45.1239669421486	23.4
45.6198347107437	45.6198347107437	24.1
46.1157024793387	46.1157024793387	24.2
46.6115702479338	46.6115702479338	24.3
47.1074380165288	47.1074380165288	24.4
47.6033057851238	47.6033057851238	25.1
48.0991735537189	48.0991735537189	25.2
48.5950413223139	48.5950413223139	25.3
49.090909090909	49.090909090909	25.4
49.586776859504	49.586776859504	26.1
50.082644628099	50.082644628099	26.2
50.5785123966941	50.5785123966941	26.3
51.0743801652891	51.0743801652891	26.4
51.5702479338842	51.5702479338842	27.1
52.0661157024792	52.0661157024792	27.2
52.5619834710742	52.5619834710742	27.3
53.0578512396693	53.0578512396693	27.4
53.5537190082643	53.5537190082643	28.1
54.0495867768594	54.0495867768594	28.2
54.5454545454544	54.5454545454544	28.3
55.0413223140494	55.0413223140494	28.4
55.5371900826445	55.5371900826445	29.1
56.0330578512395	56.0330578512395	29.2
56.5289256198346	56.5289256198346	29.3
57.0247933884296	57.0247933884296	29.4
57.5206611570246	57.5206611570246	30.1
58.0165289256197	58.0165289256197	30.2
58.5123966942147	58.5123966942147	30.3
59.0082644628098	59.0082644628098	30.4
59.5041322314048	59.5041322314048	31.1
59.9999999999998	59.9999999999998	31.2
60.4958677685949	60.4958677685949	31.3
60.9917355371899	60.9917355371899	31.4
61.487603305785	61.487603305785	32.1
61.98347107438	61.98347107438	32.2
62.479338842975	62.479338842975	32.3
62.9752066115701	62.9752066115701	32.4
63.4710743801651	63.4710743801651	33.1
63.9669421487602	63.9669421487602	33.2
64.4628099173552	64.4628099173552	33.3
64.9586776859502	64.9586776859502	33.4
65.4545454545453	65.4545454545453	34.1
65.9504132231403	65.9504132231403	34.2
66.4462809917354	66.4462809917354	34.3
66.9421487603304	66.9421487603304	34.4
67.4380165289254	67.4380165289254	35.1
67.9338842975205	67.9338842975205	35.2
68.4297520661155	68.4297520661155	35.3
68.9256198347106	68.9256198347106	35.4
69.4214876033056	69.4214876033056	36.1
69.9173553719006	69.9173553719006	36.2
70.4132231404957	70.4132231404957	36.3
70.9090909090907	70.9090909090907	36.4
71.4049586776858	71.4049586776858	37.1
71.9008264462808	71.9008264462808	37.2
72.3966942148758	72.3966942148758	37.3
72.8925619834709	72.8925619834709	37.4
73.3884297520659	73.3884297520659	38.1
73.884297520661	73.884297520661	38.2
74.380165289256	74.380165289256	38.3
74.876033057851	74.876033057851	38.4
75.3719008264461	75.3719008264461	39.1
75.8677685950411	75.8677685950411	39.2
76.3636363636362	76.3636363636362	39.3
76.8595041322312	76.8595041322312	39.4
77.3553719008262	77.3553719008262	40.1
77.8512396694213	77.8512396694213	40.2
78.3471074380163	78.3471074380163	40.3
78.8429752066114	78.8429752066114	40.4
79.3388429752064	79.3388429752064	41.1
79.8347107438014	79.8347107438014	41.2
80.3305785123965	80.3305785123965	41.3
80.8264462809915	80.8264462809915	41.4
81.3223140495866	81.3223140495866	42.1
81.8181818181816	81.8181818181816	42.2
82.3140495867766	82.3140495867766	42.3
82.8099173553717	82.8099173553717	42.4
83.3057851239667	83.3057851239667	43.1
83.8016528925618	83.8016528925618	43.2
84.2975206611568	84.2975206611568	43.3
84.7933884297518	84.7933884297518	43.4
85.2892561983469	85.2892561983469	44.1
85.7851239669419	85.7851239669419	44.2
86.280991735537	86.280991735537	44.3
86.776859504132	86.776859504132	44.4
87.272727272727	87.272727272727	45.1
87.7685950413221	87.7685950413221	45.2
88.2644628099171	88.2644628099171	45.3
88.7603305785122	88.7603305785122	45.4
89.2561983471072	89.2561983471072	46.1
89.7520661157022	89.7520661157022	46.2
90.2479338842973	90.2479338842973	46.3
90.7438016528923	90.7438016528923	46.4
91.2396694214874	91.2396694214874	47.1
91.7355371900824	91.7355371900824	47.2
92.2314049586774	92.2314049586774	47.3
92.7272727272725	92.7272727272725	47.4
93.2231404958675	93.2231404958675	48.1
93.7190082644626	93.7190082644626	48.2
94.2148760330576	94.2148760330576	48.3
94.7107438016526	94.7107438016526	48.4
95.2066115702477	95.2066115702477	49.1
95.7024793388427	95.7024793388427	49.2
96.1983471074378	96.1983471074378	49.3
96.6942148760328	96.6942148760328	49.4
97.1900826446278	97.1900826446278	50.1
97.6859504132229	97.6859504132229	50.2
98.1818181818179	98.1818181818179	50.3
98.677685950413	98.677685950413	50.4
99.173553719008	99.173553719008	51.1
99.669421487603	99.669421487603	51.2
100.165289256198	100.165289256198	51.3
100.661157024793	100.661157024793	51.4
101.157024793388	101.157024793388	52.1
101.652892561983	101.652892561983	52.2
102.148760330578	102.148760330578	52.3
102.644628099173	102.644628099173	52.4
103.140495867768	103.140495867768	53.1
103.636363636363	103.636363636363	53.2
104.132231404958	104.132231404958	53.3
104.628099173553	104.628099173553	53.4
105.123966942148	105.123966942148	54.1
105.619834710744	105.619834710744	54.2
106.115702479339	106.115702479339	54.3
106.611570247934	106.611570247934	54.4
107.107438016529	107.107438016529	55.1
107.603305785124	107.603305785124	55.2
108.099173553719	108.099173553719	55.3
108.595041322314	108.595041322314	55.4
109.090909090909	109.090909090909	56.1
109.586776859504	109.586776859504	56.2
110.082644628099	110.082644628099	56.3
110.578512396694	110.578512396694	56.4
111.074380165289	111.074380165289	57.1
111.570247933884	111.570247933884	57.2
112.066115702479	112.066115702479	57.3
112.561983471074	112.561983471074	57.4
113.057851239669	113.057851239669	58.1
113.553719008264	113.553719008264	58.2
114.049586776859	114.049586776859	58.3
114.545454545454	114.545454545454	58.4
115.041322314049	115.041322314049	59.1
115.537190082644	115.537190082644	59.2
116.033057851239	116.033057851239	59.3
116.528925619834	116.528925619834	59.4
117.024793388429	117.024793388429	60.1
117.520661157024	117.520661157024	60.2
118.01652892562	118.01652892562	60.3
118.512396694215	118.512396694215	60.4
119.00826446281	119.00826446281	61.1
119.504132231405	119.504132231405	61.2
120	120	61.3
120.495867768595	120.495867768595	61.4
120.99173553719	120.99173553719	62.1
121.487603305785	121.487603305785	62.2
121.98347107438	121.98347107438	62.3
122.479338842975	122.479338842975	62.4
122.97520661157	122.97520661157	63.1
123.471074380165	123.471074380165	63.2
123.96694214876	123.96694214876	63.3
124.462809917355	124.462809917355	63.4
124.95867768595	124.95867768595	64.1
125.454545454545	125.454545454545	64.2
125.95041322314	125.95041322314	64.3
126.446280991735	126.446280991735	64.4
126.94214876033	126.94214876033	65.1
127.438016528925	127.438016528925	65.2
127.93388429752	127.93388429752	65.3
128.429752066115	128.429752066115	65.4
128.92561983471	128.92561983471	66.1
129.421487603305	129.421487603305	66.2
129.9173553719	129.9173553719	66.3
130.413223140496	130.413223140496	66.4
130.909090909091	130.909090909091	67.1
131.404958677686	131.404958677686	67.2
131.900826446281	131.900826446281	67.3
132.396694214876	132.396694214876	67.4
132.892561983471	132.892561983471	68.1
133.388429752066	133.388429752066	68.2
133.884297520661	133.884297520661	68.3
134.380165289256	134.380165289256	68.4
134.876033057851	134.876033057851	69.1
135.371900826446	135.371900826446	69.2
135.867768595041	135.867768595041	69.3
136.363636363636	136.363636363636	69.4
136.859504132231	136.859504132231	70.1
137.355371900826	137.355371900826	70.2
137.851239669421	137.851239669421	70.3
138.347107438016	138.347107438016	70.4
138.842975206611	138.842975206611	71.1
139.338842975206	139.338842975206	71.2
139.834710743801	139.834710743801	71.3
140.330578512396	140.330578512396	71.4
140.826446280991	140.826446280991	72.1
141.322314049586	141.322314049586	72.2
141.818181818181	141.818181818181	72.3
142.314049586776	142.314049586776	72.4
142.809917355372	142.809917355372	73.1
143.305785123967	143.305785123967	73.2
143.801652892562	143.801652892562	73.3
144.297520661157	144.297520661157	73.4
144.793388429752	144.793388429752	74.1
145.289256198347	145.289256198347	74.2
145.785123966942	145.785123966942	74.3
146.280991735537	146.280991735537	74.4
146.776859504132	146.776859504132	75.1
147.272727272727	147.272727272727	75.2
147.768595041322	147.768595041322	75.3
148.264462809917	148.264462809917	75.4
148.760330578512	148.760330578512	76.1
149.256198347107	149.256198347107	76.2
149.752066115702	149.752066115702	76.3
150.247933884297	150.247933884297	76.4
150.743801652892	150.743801652892	77.1
151.239669421487	151.239669421487	77.2
151.735537190082	151.735537190082	77.3
152.231404958677	152.231404958677	77.4
152.727272727272	152.727272727272	78.1
153.223140495867	153.223140495867	78.2
153.719008264462	153.719008264462	78.3
154.214876033057	154.214876033057	78.4
154.710743801652	154.710743801652	79.1
155.206611570248	155.206611570248	79.2
155.702479338843	155.702479338843	79.3
156.198347107438	156.198347107438	79.4
156.694214876033	156.694214876033	80.1
157.190082644628	157.190082644628	80.2
157.685950413223	157.685950413223	80.3
158.181818181818	158.181818181818	80.4
158.677685950413	158.677685950413	81.1
159.173553719008	159.173553719008	81.2
159.669421487603	159.669421487603	81.3
160.165289256198	160.165289256198	81.4
160.661157024793	160.661157024793	82.1
161.157024793388	161.157024793388	82.2
161.652892561983	161.652892561983	82.3
162.148760330578	162.148760330578	82.4
162.644628099173	162.644628099173	83.1
163.140495867768	163.140495867768	83.2
163.636363636363	163.636363636363	83.3
164.132231404958	164.132231404958	83.4
164.628099173553	164.628099173553	84.1
165.123966942148	165.123966942148	84.2
165.619834710743	165.619834710743	84.3
166.115702479338	166.115702479338	84.4
166.611570247933	166.611570247933	85.1
167.107438016528	167.107438016528	85.2
167.603305785124	167.603305785124	85.3
168.099173553719	168.099173553719	85.4
168.595041322314	168.595041322314	86.1
169.090909090909	169.090909090909	86.2
169.586776859504	169.586776859504	86.3
170.082644628099	170.082644628099	86.4
170.578512396694	170.578512396694	87.1
171.074380165289	171.074380165289	87.2
171.570247933884	171.570247933884	87.3
172.066115702479	172.066115702479	87.4
172.561983471074	172.561983471074	88.1
173.057851239669	173.057851239669	88.2
173.553719008264	173.553719008264	88.3
174.049586776859	174.049586776859	88.4
174.545454545454	174.545454545454	89.1
175.041322314049	175.041322314049	89.2
175.537190082644	175.537190082644	89.3
176.033057851239	176.033057851239	89.4
176.528925619834	176.528925619834	90.1
177.024793388429	177.024793388429	90.2
177.520661157024	177.520661157024	90.3
178.016528925619	178.016528925619	90.4
178.512396694214	178.512396694214	91.1
179.008264462809	179.008264462809	91.2
179.504132231404	179.504132231404	91.3
180	180	91.4
180.495867768595	180.495867768595	92.1
180.99173553719	180.99173553719	92.2
181.487603305785	181.487603305785	92.3
181.98347107438	181.98347107438	92.4
182.479338842975	182.479338842975	93.1
182.97520661157	182.97520661157	93.2
183.471074380165	183.471074380165	93.3
183.96694214876	183.96694214876	93.4
184.462809917355	184.462809917355	94.1
184.95867768595	184.95867768595	94.2
185.454545454545	185.454545454545	94.3
185.95041322314	185.95041322314	94.4
186.446280991735	186.446280991735	95.1
186.94214876033	186.94214876033	95.2
187.438016528925	187.438016528925	95.3
187.93388429752	187.93388429752	95.4
188.429752066115	188.429752066115	96.1
188.92561983471	188.92561983471	96.2
189.421487603305	189.421487603305	96.3
189.9173553719	189.9173553719	96.4
190.413223140495	190.413223140495	97.1
190.90909090909	190.90909090909	97.2
191.404958677685	191.404958677685	97.3
191.90082644628	191.90082644628	97.4
192.396694214876	192.396694214876	98.1
192.892561983471	192.892561983471	98.2
193.388429752066	193.388429752066	98.3
193.884297520661	193.884297520661	98.4
194.380165289256	194.380165289256	99.1
194.876033057851	194.876033057851	99.2
195.371900826446	195.371900826446	99.3
195.867768595041	195.867768595041	99.4
196.363636363636	196.363636363636	100.1
196.859504132231	196.859504132231	100.2
197.355371900826	197.355371900826	100.3
197.851239669421	197.851239669421	100.4
198.347107438016	198.347107438016	101.1
198.842975206611	198.842975206611	101.2
199.338842975206	199.338842975206	101.3
199.834710743801	199.834710743801	101.4
200.330578512396	200.330578512396	102.1
200.826446280991	200.826446280991	102.2
201.322314049586	201.322314049586	102.3
201.818181818181	201.818181818181	102.4
202.314049586776	202.314049586776	103.1
202.809917355371	202.809917355371	103.2
203.305785123966	203.305785123966	103.3
203.801652892561	203.801652892561	103.4
204.297520661156	204.297520661156	104.1
204.793388429752	204.793388429752	104.2
205.289256198347	205.289256198347	104.3
205.785123966942	205.785123966942	104.4
206.280991735537	206.280991735537	105.1
206.776859504132	206.776859504132	105.2
207.272727272727	207.272727272727	105.3
207.768595041322	207.768595041322	105.4
208.264462809917	208.264462809917	106.1
208.760330578512	208.760330578512	106.2
209.256198347107	209.256198347107	106.3
209.752066115702	209.752066115702	106.4
210.247933884297	210.247933884297	107.1
210.743801652892	210.743801652892	107.2
211.239669421487	211.239669421487	107.3
211.735537190082	211.735537190082	107.4
212.231404958677	212.231404958677	108.1
212.727272727272	212.727272727272	108.2
213.223140495867	213.223140495867	108.3
213.719008264462	213.719008264462	108.4
214.214876033057	214.214876033057	109.1
214.710743801652	214.710743801652	109.2
215.206611570247	215.206611570247	109.3
215.702479338842	215.702479338842	109.4
216.198347107437	216.198347107437	110.1
216.694214876032	216.694214876032	110.2
217.190082644628	217.190082644628	110.3
217.685950413223	217.685950413223	110.4
218.181818181818	218.181818181818	111.1
218.677685950413	218.677685950413	111.2
219.173553719008	219.173553719008	111.3
219.669421487603	219.669421487603	111.4
220.165289256198	220.165289256198	112.1
220.661157024793	220.661157024793	112.2
221.157024793388	221.157024793388	112.3
221.652892561983	221.652892561983	112.4
222.148760330578	222.148760330578	113.1
222.644628099173	222.644628099173	113.2
223.140495867768	223.140495867768	113.3
223.636363636363	223.636363636363	113.4
224.132231404958	224.132231404958	114.1
224.628099173553	224.628099173553	114.2
225.123966942148	225.123966942148	114.3
225.619834710743	225.619834710743	114.4
226.115702479338	226.115702479338	115.1
226.611570247933	226.611570247933	115.2
227.107438016528	227.107438016528	115.3
227.603305785123	227.603305785123	115.4
228.099173553718	228.099173553718	116.1
228.595041322313	228.595041322313	116.2
229.090909090908	229.090909090908	116.3
229.586776859504	229.586776859504	116.4
230.082644628099	230.082644628099	117.1
230.578512396694	230.578512396694	117.2
231.074380165289	231.074380165289	117.3
231.570247933884	231.570247933884	117.4
232.066115702479	232.066115702479	118.1
232.561983471074	232.561983471074	118.2
233.057851239669	233.057851239669	118.3
233.553719008264	233.553719008264	118.4
234.049586776859	234.049586776859	119.1
234.545454545454	234.545454545454	119.2
235.041322314049	235.041322314049	119.3
235.537190082644	235.537190082644	119.4
236.033057851239	236.033057851239	120.1
236.528925619834	236.528925619834	120.2
237.024793388429	237.024793388429	120.3
237.520661157024	237.520661157024	120.4
238.016528925619	238.016528925619	121.1
238.512396694214	238.512396694214	121.2
239.008264462809	239.008264462809	121.3
239.504132231404	239.504132231404	121.4
239.999999999999	239.999999999999	122.1
240.495867768594	240.495867768594	122.2
240.991735537189	240.991735537189	122.3
241.487603305784	241.487603305784	122.4
241.98347107438	241.98347107438	123.1
242.479338842975	242.479338842975	123.2
242.97520661157	242.97520661157	123.3
243.471074380165	243.471074380165	123.4
243.96694214876	243.96694214876	124.1
244.462809917355	244.462809917355	124.2
244.95867768595	244.95867768595	124.3
245.454545454545	245.454545454545	124.4
245.95041322314	245.95041322314	125.1
246.446280991735	246.446280991735	125.2
246.94214876033	246.94214876033	125.3
247.438016528925	247.438016528925	125.4
247.93388429752	247.93388429752	126.1
248.429752066115	248.429752066115	126.2
248.92561983471	248.92561983471	126.3
249.421487603305	249.421487603305	126.4
249.9173553719	249.9173553719	127.1
250.413223140495	250.413223140495	127.2
250.90909090909	250.90909090909	127.3
251.404958677685	251.404958677685	127.4
251.90082644628	251.90082644628	128.1
252.396694214875	252.396694214875	128.2
252.89256198347	252.89256198347	128.3
253.388429752065	253.388429752065	128.4
253.88429752066	253.88429752066	129.1
254.380165289256	254.380165289256	129.2
254.876033057851	254.876033057851	129.3
255.371900826446	255.371900826446	129.4
255.867768595041	255.867768595041	130.1
256.363636363636	256.363636363636	130.2
256.859504132231	256.859504132231	130.3
257.355371900826	257.355371900826	130.4
257.851239669421	257.851239669421	131.1
258.347107438016	258.347107438016	131.2
258.842975206611	258.842975206611	131.3
259.338842975206	259.338842975206	131.4
259.834710743801	259.834710743801	132.1
260.330578512396	260.330578512396	132.2
260.826446280991	260.826446280991	132.3
261.322314049586	261.322314049586	132.4
261.818181818181	261.818181818181	133.1
262.314049586776	262.314049586776	133.2
262.809917355371	262.809917355371	133.3
263.305785123966	263.305785123966	133.4
263.801652892561	263.801652892561	134.1
264.297520661156	264.297520661156	134.2
264.793388429751	264.793388429751	134.3
265.289256198346	265.289256198346	134.4
265.785123966941	265.785123966941	135.1
266.280991735536	266.280991735536	135.2
266.776859504131	266.776859504131	135.3
267.272727272727	267.272727272727	135.4
267.768595041322	267.768595041322	136.1
268.264462809917	268.264462809917	136.2
268.760330578512	268.760330578512	136.3
269.256198347107	269.256198347107	136.4
269.752066115702	269.752066115702	137.1
270.247933884297	270.247933884297	137.2
270.743801652892	270.743801652892	137.3
271.239669421487	271.239669421487	137.4
271.735537190082	271.735537190082	138.1
272.231404958677	272.231404958677	138.2
272.727272727272	272.727272727272	138.3
273.223140495867	273.223140495867	138.4
273.719008264462	273.719008264462	139.1
274.214876033057	274.214876033057	139.2
274.710743801652	274.710743801652	139.3
275.206611570247	275.206611570247	139.4
275.702479338842	275.702479338842	140.1
276.198347107437	276.198347107437	140.2
276.694214876032	276.694214876032	140.3
277.190082644627	277.190082644627	140.4
277.685950413222	277.685950413222	141.1
278.181818181817	278.181818181817	141.2
278.677685950412	278.677685950412	141.3
279.173553719008	279.173553719008	141.4
279.669421487603	279.669421487603	142.1
280.165289256198	280.165289256198	142.2
280.661157024793	280.661157024793	142.3
281.157024793388	281.157024793388	142.4
281.652892561983	281.652892561983	143.1
282.148760330578	282.148760330578	143.2
282.644628099173	282.644628099173	143.3
283.140495867768	283.140495867768	143.4
283.636363636363	283.636363636363	144.1
284.132231404958	284.132231404958	144.2
284.628099173553	284.628099173553	144.3
285.123966942148	285.123966942148	144.4
285.619834710743	285.619834710743	145.1
286.115702479338	286.115702479338	145.2
286.611570247933	286.611570247933	145.3
287.107438016528	287.107438016528	145.4
287.603305785123	287.603305785123	146.1
288.099173553718	288.099173553718	146.2
288.595041322313	288.595041322313	146.3
289.090909090908	289.090909090908	146.4
289.586776859503	289.586776859503	147.1
290.082644628098	290.082644628098	147.2
290.578512396693	290.578512396693	147.3
291.074380165288	291.074380165288	147.4
291.570247933884	291.570247933884	148.1
292.066115702479	292.066115702479	148.2
292.561983471074	292.561983471074	148.3
293.057851239669	293.057851239669	148.4
293.553719008264	293.553719008264	149.1
294.049586776859	294.049586776859	149.2
294.545454545454	294.545454545454	149.3
295.041322314049	295.041322314049	149.4
295.537190082644	295.537190082644	150.1
296.033057851239	296.033057851239	150.2
296.528925619834	296.528925619834	150.3
297.024793388429	297.024793388429	150.4
297.520661157024	297.520661157024	151.1
298.016528925619	298.016528925619	151.2
298.512396694214	298.512396694214	151.3
299.008264462809	299.008264462809	151.4
299.504132231404	299.504132231404	152.1
299.999999999999	299.999999999999	152.2
300.495867768594	300.495867768594	152.3
300.991735537189	300.991735537189	152.4
301.487603305784	301.487603305784	153.1
301.983471074379	301.983471074379	153.2
302.479338842974	302.479338842974	153.3
302.975206611569	302.975206611569	153.4
303.471074380165	303.471074380165	154.1
303.96694214876	303.96694214876	154.2
304.462809917355	304.462809917355	154.3
304.95867768595	304.95867768595	154.4
305.454545454545	305.454545454545	155.1
305.95041322314	305.95041322314	155.2
306.446280991735	306.446280991735	155.3
306.94214876033	306.94214876033	155.4
307.438016528925	307.438016528925	156.1
307.93388429752	307.93388429752	156.2
308.429752066115	308.429752066115	156.3
308.92561983471	308.92561983471	156.4
309.421487603305	309.421487603305	157.1
309.9173553719	309.9173553719	157.2
310.413223140495	310.413223140495	157.3
310.90909090909	310.90909090909	157.4
311.404958677685	311.404958677685	158.1
311.90082644628	311.90082644628	158.2
312.396694214875	312.396694214875	158.3
312.89256198347	312.89256198347	158.4
313.388429752065	313.388429752065	159.1
313.88429752066	313.88429752066	159.2
314.380165289255	314.380165289255	159.3
314.87603305785	314.87603305785	159.4
315.371900826445	315.371900826445	160.1
315.867768595041	315.867768595041	160.2
316.363636363636	316.363636363636	160.3
316.859504132231	316.859504132231	160.4
317.355371900826	317.355371900826	161.1
317.851239669421	317.851239669421	161.2
318.347107438016	318.347107438016	161.3
318.842975206611	318.842975206611	161.4
319.338842975206	319.338842975206	162.1
319.834710743801	319.834710743801	162.2
320.330578512396	320.330578512396	162.3
320.826446280991	320.826446280991	162.4
321.322314049586	321.322314049586	163.1
321.818181818181	321.818181818181	163.2
322.314049586776	322.314049586776	163.3
322.809917355371	322.809917355371	163.4
323.305785123966	323.305785123966	164.1
323.801652892561	323.801652892561	164.2
324.297520661156	324.297520661156	164.3
324.793388429751	324.793388429751	164.4
325.289256198346	325.289256198346	165.1
325.785123966941	325.785123966941	165.2
326.280991735536	326.280991735536	165.3
326.776859504131	326.776859504131	165.4
327.272727272726	327.272727272726	166.1
327.768595041321	327.768595041321	166.2
328.264462809916	328.264462809916	166.3
328.760330578512	328.760330578512	166.4
329.256198347107	329.256198347107	167.1
329.752066115702	329.752066115702	167.2
330.247933884297	330.247933884297	167.3
330.743801652892	330.743801652892	167.4
331.239669421487	331.239669421487	168.1
331.735537190082	331.735537190082	168.2
332.231404958677	332.231404958677	168.3
332.727272727272	332.727272727272	168.4
333.223140495867	333.223140495867	169.1
333.719008264462	333.719008264462	169.2
334.214876033057	334.214876033057	169.3
334.710743801652	334.710743801652	169.4
335.206611570247	335.206611570247	170.1
335.702479338842	335.702479338842	170.2
336.198347107437	336.198347107437	170.3
336.694214876032	336.694214876032	170.4
337.190082644627	337.190082644627	171.1
337.685950413222	337.685950413222	171.2
338.181818181817	338.181818181817	171.3
338.677685950412	338.677685950412	171.4
339.173553719007	339.173553719007	172.1
339.669421487602	339.669421487602	172.2
340.165289256197	340.165289256197	172.3
340.661157024792	340.661157024792	172.4
341.157024793388	341.157024793388	173.1
341.652892561983	341.652892561983	173.2
342.148760330578	342.148760330578	173.3
342.644628099173	342.644628099173	173.4
343.140495867768	343.140495867768	174.1
343.636363636363	343.636363636363	174.2
344.132231404958	344.132231404958	174.3
344.628099173553	344.628099173553	174.4
345.123966942148	345.123966942148	175.1
345.619834710743	345.619834710743	175.2
346.115702479338	346.115702479338	175.3
346.611570247933	346.611570247933	175.4
347.107438016528	347.107438016528	176.1
347.603305785123	347.603305785123	176.2
348.099173553718	348.099173553718	176.3
348.595041322313	348.595041322313	176.4
349.090909090908	349.090909090908	177.1
349.586776859503	349.586776859503	177.2
350.082644628098	350.082644628098	177.3
350.578512396693	350.578512396693	177.4
351.074380165288	351.074380165288	178.1
351.570247933883	351.570247933883	178.2
352.066115702478	352.066115702478	178.3
352.561983471073	352.561983471073	178.4
353.057851239668	353.057851239668	179.1
353.553719008263	353.553719008263	179.2
354.049586776859	354.049586776859	179.3
354.545454545454	354.545454545454	179.4
355.041322314049	355.041322314049	180.1
355.537190082644	355.537190082644	180.2
356.033057851239	356.033057851239	180.3
356.528925619834	356.528925619834	180.4
357.024793388429	357.024793388429	181.1
357.520661157024	357.520661157024	181.2
358.016528925619	358.016528925619	181.3
358.512396694214	358.512396694214	181.4
359.008264462809	359.008264462809	182.1
359.504132231404	359.504132231404	182.2
359.999999999999	359.999999999999	182.3
360.495867768594	360.495867768594	182.4
360.991735537189	360.991735537189	183.1
361.487603305784	361.487603305784	183.2
361.983471074379	361.983471074379	183.3
362.479338842974	362.479338842974	183.4
362.975206611569	362.975206611569	184.1
363.471074380164	363.471074380164	184.2
363.966942148759	363.966942148759	184.3
364.462809917354	364.462809917354	184.4
364.958677685949	364.958677685949	185.1
365.454545454544	365.454545454544	185.2
365.95041322314	365.95041322314	185.3
366.446280991735	366.446280991735	185.4
366.94214876033	366.94214876033	186.1
367.438016528925	367.438016528925	186.2
367.93388429752	367.93388429752	186.3
368.429752066115	368.429752066115	186.4
368.92561983471	368.92561983471	187.1
369.421487603305	369.421487603305	187.2
369.9173553719	369.9173553719	187.3
370.413223140495	370.413223140495	187.4
370.90909090909	370.90909090909	188.1
371.404958677685	371.404958677685	188.2
371.90082644628	371.90082644628	188.3
372.396694214875	372.396694214875	188.4
372.89256198347	372.89256198347	189.1
373.388429752065	373.388429752065	189.2
373.88429752066	373.88429752066	189.3
374.380165289255	374.380165289255	189.4
374.87603305785	374.87603305785	190.1
375.371900826445	375.371900826445	190.2
375.86776859504	375.86776859504	190.3
376.363636363635	376.363636363635	190.4
376.85950413223	376.85950413223	191.1
377.355371900825	377.355371900825	191.2
377.85123966942	377.85123966942	191.3
378.347107438016	378.347107438016	191.4
378.842975206611	378.842975206611	192.1
379.338842975206	379.338842975206	192.2
379.834710743801	379.834710743801	192.3
380.330578512396	380.330578512396	192.4
380.826446280991	380.826446280991	193.1
381.322314049586	381.322314049586	193.2
381.818181818181	381.818181818181	193.3
382.314049586776	382.314049586776	193.4
382.809917355371	382.809917355371	194.1
383.305785123966	383.305785123966	194.2
383.801652892561	383.801652892561	194.3
384.297520661156	384.297520661156	194.4
384.793388429751	384.793388429751	195.1
385.289256198346	385.289256198346	195.2
385.785123966941	385.785123966941	195.3
386.280991735536	386.280991735536	195.4
386.776859504131	386.776859504131	196.1
387.272727272726	387.272727272726	196.2
387.768595041321	387.768595041321	196.3
388.264462809916	388.264462809916	196.4
388.760330578511	388.760330578511	197.1
389.256198347106	389.256198347106	197.2
389.752066115701	389.752066115701	197.3
390.247933884296	390.247933884296	197.4
390.743801652892	390.743801652892	198.1
391.239669421487	391.239669421487	198.2
391.735537190082	391.735537190082	198.3
392.231404958677	392.231404958677	198.4
392.727272727272	392.727272727272	199.1
393.223140495867	393.223140495867	199.2
393.719008264462	393.719008264462	199.3
394.214876033057	394.214876033057	199.4
394.710743801652	394.710743801652	200.1
395.206611570247	395.206611570247	200.2
395.702479338842	395.702479338842	200.3
396.198347107437	396.198347107437	200.4
396.694214876032	396.694214876032	201.1
397.190082644627	397.190082644627	201.2
397.685950413222	397.685950413222	201.3
398.181818181817	398.181818181817	201.4
398.677685950412	398.677685950412	202.1
399.173553719007	399.173553719007	202.2
399.669421487602	399.669421487602	202.3
400.165289256197	400.165289256197	202.4
400.661157024792	400.661157024792	203.1
401.157024793387	401.157024793387	203.2
401.652892561982	401.652892561982	203.3
402.148760330577	402.148760330577	203.4
402.644628099173	402.644628099173	204.1
403.140495867768	403.140495867768	204.2
403.636363636363	403.636363636363	204.3
404.132231404958	404.132231404958	204.4
404.628099173553	404.628099173553	205.1
405.123966942148	405.123966942148	205.2
405.619834710743	405.619834710743	205.3
406.115702479338	406.115702479338	205.4
406.611570247933	406.611570247933	206.1
407.107438016528	407.107438016528	206.2
407.603305785123	407.603305785123	206.3
408.099173553718	408.099173553718	206.4
408.595041322313	408.595041322313	207.1
409.090909090908	409.090909090908	207.2
409.586776859503	409.586776859503	207.3
410.082644628098	410.082644628098	207.4
410.578512396693	410.578512396693	208.1
411.074380165288	411.074380165288	208.2
411.570247933883	411.570247933883	208.3
412.066115702478	412.066115702478	208.4
412.561983471073	412.561983471073	209.1
413.057851239668	413.057851239668	209.2
413.553719008263	413.553719008263	209.3
414.049586776858	414.049586776858	209.4
414.545454545453	414.545454545453	210.1
415.041322314049	415.041322314049	210.2
415.537190082644	415.537190082644	210.3
416.033057851239	416.033057851239	210.4
416.528925619834	416.528925619834	211.1
417.024793388429	417.024793388429	211.2
417.520661157024	417.520661157024	211.3
418.016528925619	418.016528925619	211.4
418.512396694214	418.512396694214	212.1
419.008264462809	419.008264462809	212.2
419.504132231404	419.504132231404	212.3
419.999999999999	419.999999999999	212.4
420.495867768594	420.495867768594	213.1
420.991735537189	420.991735537189	213.2
421.487603305784	421.487603305784	213.3
421.983471074379	421.983471074379	213.4
422.479338842974	422.479338842974	214.1
422.975206611569	422.975206611569	214.2
423.471074380164	423.471074380164	214.3
423.966942148759	423.966942148759	214.4
424.462809917354	424.462809917354	215.1
424.958677685949	424.958677685949	215.2
425.454545454544	425.454545454544	215.3
425.950413223139	425.950413223139	215.4
426.446280991734	426.446280991734	216.1
426.942148760329	426.942148760329	216.2
427.438016528924	427.438016528924	216.3
427.93388429752	427.93388429752	216.4
428.429752066115	428.429752066115	217.1
428.92561983471	428.92561983471	217.2
429.421487603305	429.421487603305	217.3
429.9173553719	429.9173553719	217.4
430.413223140495	430.413223140495	218.1
430.90909090909	430.90909090909	218.2
431.404958677685	431.404958677685	218.3
431.90082644628	431.90082644628	218.4
432.396694214875	432.396694214875	219.1
432.89256198347	432.89256198347	219.2
433.388429752065	433.388429752065	219.3
433.88429752066	433.88429752066	219.4
434.380165289255	434.380165289255	220.1
434.87603305785	434.87603305785	220.2
435.371900826445	435.371900826445	220.3
435.86776859504	435.86776859504	220.4
436.363636363635	436.363636363635	221.1
436.85950413223	436.85950413223	221.2
437.355371900825	437.355371900825	221.3
437.85123966942	437.85123966942	221.4
438.347107438015	438.347107438015	222.1
438.84297520661	438.84297520661	222.2
439.338842975205	439.338842975205	222.3
439.8347107438	439.8347107438	222.4
440.330578512396	440.330578512396	223.1
440.826446280991	440.826446280991	223.2
441.322314049586	441.322314049586	223.3
441.818181818181	441.818181818181	223.4
442.314049586776	442.314049586776	224.1
442.809917355371	442.809917355371	224.2
443.305785123966	443.305785123966	224.3
443.801652892561	443.801652892561	224.4
444.297520661156	444.297520661156	225.1
444.793388429751	444.793388429751	225.2
445.289256198346	445.289256198346	225.3
445.785123966941	445.785123966941	225.4
446.280991735536	446.280991735536	226.1
446.776859504131	446.776859504131	226.2
447.272727272726	447.272727272726	226.3
447.768595041321	447.768595041321	226.4
448.264462809916	448.264462809916	227.1
448.760330578511	448.760330578511	227.2
449.256198347106	449.256198347106	227.3
449.752066115701	449.752066115701	227.4
450.247933884296	450.247933884296	228.1
450.743801652891	450.743801652891	228.2
451.239669421486	451.239669421486	228.3
451.735537190081	451.735537190081	228.4
452.231404958676	452.231404958676	229.1
452.727272727271	452.727272727271	229.2
453.223140495867	453.223140495867	229.3
453.719008264462	453.719008264462	229.4
454.214876033057	454.214876033057	230.1
454.710743801652	454.710743801652	230.2
455.206611570247	455.206611570247	230.3
455.702479338842	455.702479338842	230.4
456.198347107437	456.198347107437	231.1
456.694214876032	456.694214876032	231.2
457.190082644627	457.190082644627	231.3
457.685950413222	457.685950413222	231.4
458.181818181817	458.181818181817	232.1
458.677685950412	458.677685950412	232.2
459.173553719007	459.173553719007	232.3
459.669421487602	459.669421487602	232.4
460.165289256197	460.165289256197	233.1
460.661157024792	460.661157024792	233.2
461.157024793387	461.157024793387	233.3
461.652892561982	461.652892561982	233.4
462.148760330577	462.148760330577	234.1
462.644628099172	462.644628099172	234.2
463.140495867767	463.140495867767	234.3
463.636363636362	463.636363636362	234.4
464.132231404957	464.132231404957	235.1
464.628099173552	464.628099173552	235.2
465.123966942148	465.123966942148	235.3
465.619834710743	465.619834710743	235.4
466.115702479338	466.115702479338	236.1
466.611570247933	466.611570247933	236.2
467.107438016528	467.107438016528	236.3
467.603305785123	467.603305785123	236.4
468.099173553718	468.099173553718	237.1
468.595041322313	468.595041322313	237.2
469.090909090908	469.090909090908	237.3
469.586776859503	469.586776859503	237.4
470.082644628098	470.082644628098	238.1
470.578512396693	470.578512396693	238.2
471.074380165288	471.074380165288	238.3
471.570247933883	471.570247933883	238.4
472.066115702478	472.066115702478	239.1
472.561983471073	472.561983471073	239.2
473.057851239668	473.057851239668	239.3
473.553719008263	473.553719008263	239.4
474.049586776858	474.049586776858	240.1
474.545454545453	474.545454545453	240.2
475.041322314048	475.041322314048	240.3
475.537190082643	475.537190082643	240.4
476.033057851238	476.033057851238	241.1
476.528925619833	476.528925619833	241.2
477.024793388428	477.024793388428	241.3
477.520661157024	477.520661157024	241.4
478.016528925619	478.016528925619	242.1
478.512396694214	478.512396694214	242.2
479.008264462809	479.008264462809	242.3
479.504132231404	479.504132231404	242.4
479.999999999999	479.999999999999	243.1
480.495867768594	480.495867768594	243.2
480.991735537189	480.991735537189	243.3
481.487603305784	481.487603305784	243.4
481.983471074379	481.983471074379	244.1
482.479338842974	482.479338842974	244.2
482.975206611569	482.975206611569	244.3
483.471074380164	483.471074380164	244.4
483.966942148759	483.966942148759	245.1
484.462809917354	484.462809917354	245.2
484.958677685949	484.958677685949	245.3
485.454545454544	485.454545454544	245.4
485.950413223139	485.950413223139	246.1
486.446280991734	486.446280991734	246.2
486.942148760329	486.942148760329	246.3
487.438016528924	487.438016528924	246.4
487.933884297519	487.933884297519	247.1
488.429752066114	488.429752066114	247.2
488.925619834709	488.925619834709	247.3
489.421487603304	489.421487603304	247.4
489.9173553719	489.9173553719	248.1
490.413223140495	490.413223140495	248.2
490.90909090909	490.90909090909	248.3
491.404958677685	491.404958677685	248.4
491.90082644628	491.90082644628	249.1
492.396694214875	492.396694214875	249.2
492.89256198347	492.89256198347	249.3
493.388429752065	493.388429752065	249.4
493.88429752066	493.88429752066	250.1
494.380165289255	494.380165289255	250.2
494.87603305785	494.87603305785	250.3
495.371900826445	495.371900826445	250.4
495.86776859504	495.86776859504	251.1
496.363636363635	496.363636363635	251.2
496.85950413223	496.85950413223	251.3
497.355371900825	497.355371900825	251.4
497.85123966942	497.85123966942	252.1
498.347107438015	498.347107438015	252.2
498.84297520661	498.84297520661	252.3
499.338842975205	499.338842975205	252.4
499.8347107438	499.8347107438	253.1
500.330578512395	500.330578512395	253.2
500.82644628099	500.82644628099	253.3
501.322314049585	501.322314049585	253.4
501.818181818181	501.818181818181	254.1
502.314049586776	502.314049586776	254.2
502.809917355371	502.809917355371	254.3
503.305785123966	503.305785123966	254.4
503.801652892561	503.801652892561	255.1
504.297520661156	504.297520661156	255.2
504.793388429751	504.793388429751	255.3
505.289256198346	505.289256198346	255.4
505.785123966941	505.785123966941	256.1
506.280991735536	506.280991735536	256.2
506.776859504131	506.776859504131	256.3
507.272727272726	507.272727272726	256.4
507.768595041321	507.768595041321	257.1
508.264462809916	508.264462809916	257.2
508.760330578511	508.760330578511	257.3
509.256198347106	509.256198347106	257.4
509.752066115701	509.752066115701	258.1
510.247933884296	510.247933884296	258.2
510.743801652891	510.743801652891	258.3
511.239669421486	511.239669421486	258.4
511.735537190081	511.735537190081	259.1
512.231404958676	512.231404958676	259.2
512.727272727271	512.727272727271	259.3
513.223140495866	513.223140495866	259.4
513.719008264461	513.719008264461	260.1
514.214876033056	514.214876033056	260.2
514.710743801652	514.710743801652	260.3
515.206611570247	515.206611570247	260.4
515.702479338842	515.702479338842	261.1
516.198347107437	516.198347107437	261.2
516.694214876032	516.694214876032	261.3
517.190082644627	517.190082644627	261.4
517.685950413222	517.685950413222	262.1
518.181818181817	518.181818181817	262.2
518.677685950412	518.677685950412	262.3
519.173553719007	519.173553719007	262.4
519.669421487602	519.669421487602	263.1
520.165289256197	520.165289256197	263.2
520.661157024792	520.661157024792	263.3
521.157024793387	521.157024793387	263.4
521.652892561982	521.652892561982	264.1
522.148760330577	522.148760330577	264.2
522.644628099172	522.644628099172	264.3
523.140495867767	523.140495867767	264.4
523.636363636362	523.636363636362	265.1
524.132231404957	524.132231404957	265.2
524.628099173552	524.628099173552	265.3
525.123966942147	525.123966942147	265.4
525.619834710742	525.619834710742	266.1
526.115702479337	526.115702479337	266.2
526.611570247932	526.611570247932	266.3
527.107438016528	527.107438016528	266.4
527.603305785123	527.603305785123	267.1
528.099173553718	528.099173553718	267.2
528.595041322313	528.595041322313	267.3
529.090909090908	529.090909090908	267.4
529.586776859503	529.586776859503	268.1
530.082644628098	530.082644628098	268.2
530.578512396693	530.578512396693	268.3
531.074380165288	531.074380165288	268.4
531.570247933883	531.570247933883	269.1
532.066115702478	532.066115702478	269.2
532.561983471073	532.561983471073	269.3
533.057851239668	533.057851239668	269.4
533.553719008263	533.553719008263	270.1
534.049586776858	534.049586776858	270.2
534.545454545453	534.545454545453	270.3
535.041322314048	535.041322314048	270.4
535.537190082643	535.537190082643	271.1
536.033057851238	536.033057851238	271.2
536.528925619833	536.528925619833	271.3
537.024793388428	537.024793388428	271.4
537.520661157023	537.520661157023	272.1
538.016528925618	538.016528925618	272.2
538.512396694213	538.512396694213	272.3
539.008264462808	539.008264462808	272.4
539.504132231404	539.504132231404	273.1
539.999999999999	539.999999999999	273.2
540.495867768594	540.495867768594	273.3
540.991735537189	540.991735537189	273.4
541.487603305784	541.487603305784	274.1
541.983471074379	541.983471074379	274.2
542.479338842974	542.479338842974	274.3
542.975206611569	542.975206611569	274.4
543.471074380164	543.471074380164	275.1
543.966942148759	543.966942148759	275.2
544.462809917354	544.462809917354	275.3
544.958677685949	544.958677685949	275.4
545.454545454544	545.454545454544	276.1
545.950413223139	545.950413223139	276.2
546.446280991734	546.446280991734	276.3
546.942148760329	546.942148760329	276.4
547.438016528924	547.438016528924	277.1
547.933884297519	547.933884297519	277.2
548.429752066114	548.429752066114	277.3
548.925619834709	548.925619834709	277.4
549.421487603304	549.421487603304	278.1
549.917355371899	549.917355371899	278.2
550.413223140494	550.413223140494	278.3
550.909090909089	550.909090909089	278.4
551.404958677684	551.404958677684	279.1
551.90082644628	551.90082644628	279.2
552.396694214875	552.396694214875	279.3
552.89256198347	552.89256198347	279.4
553.388429752065	553.388429752065	280.1
553.88429752066	553.88429752066	280.2
554.380165289255	554.380165289255	280.3
554.87603305785	554.87603305785	280.4
555.371900826445	555.371900826445	281.1
555.86776859504	555.86776859504	281.2
556.363636363635	556.363636363635	281.3
556.85950413223	556.85950413223	281.4
557.355371900825	557.355371900825	282.1
557.85123966942	557.85123966942	282.2
558.347107438015	558.347107438015	282.3
558.84297520661	558.84297520661	282.4
559.338842975205	559.338842975205	283.1
559.8347107438	559.8347107438	283.2
560.330578512395	560.330578512395	283.3
560.82644628099	560.82644628099	283.4
561.322314049585	561.322314049585	284.1
561.81818181818	561.81818181818	284.2
562.314049586775	562.314049586775	284.3
562.80991735537	562.80991735537	284.4
563.305785123965	563.305785123965	285.1
563.80165289256	563.80165289256	285.2
564.297520661156	564.297520661156	285.3
564.793388429751	564.793388429751	285.4
565.289256198346	565.289256198346	286.1
565.785123966941	565.785123966941	286.2
566.280991735536	566.280991735536	286.3
566.776859504131	566.776859504131	286.4
567.272727272726	567.272727272726	287.1
567.768595041321	567.768595041321	287.2
568.264462809916	568.264462809916	287.3
568.760330578511	568.760330578511	287.4
569.256198347106	569.256198347106	288.1
569.752066115701	569.752066115701	288.2
570.247933884296	570.247933884296	288.3
570.743801652891	570.743801652891	288.4
571.239669421486	571.239669421486	289.1
571.735537190081	571.735537190081	289.2
572.231404958676	572.231404958676	289.3
572.727272727271	572.727272727271	289.4
573.223140495866	573.223140495866	290.1
573.719008264461	573.719008264461	290.2
574.214876033056	574.214876033056	290.3
574.710743801651	574.710743801651	290.4
575.206611570246	575.206611570246	291.1
575.702479338841	575.702479338841	291.2
576.198347107436	576.198347107436	291.3
576.694214876032	576.694214876032	291.4
577.190082644627	577.190082644627	292.1
577.685950413222	577.685950413222	292.2
578.181818181817	578.181818181817	292.3
578.677685950412	578.677685950412	292.4
579.173553719007	579.173553719007	293.1
579.669421487602	579.669421487602	293.2
580.165289256197	580.165289256197	293.3
580.661157024792	580.661157024792	293.4
581.157024793387	581.157024793387	294.1
581.652892561982	581.652892561982	294.2
582.148760330577	582.148760330577	294.3
582.644628099172	582.644628099172	294.4
583.140495867767	583.140495867767	295.1
583.636363636362	583.636363636362	295.2
584.132231404957	584.132231404957	295.3
584.628099173552	584.628099173552	295.4
585.123966942147	585.123966942147	296.1
585.619834710742	585.619834710742	296.2
586.115702479337	586.115702479337	296.3
586.611570247932	586.611570247932	296.4
587.107438016527	587.107438016527	297.1
587.603305785122	587.603305785122	297.2
588.099173553717	588.099173553717	297.3
588.595041322312	588.595041322312	297.4
589.090909090908	589.090909090908	298.1
589.586776859503	589.586776859503	298.2
590.082644628098	590.082644628098	298.3
590.578512396693	590.578512396693	298.4
591.074380165288	591.074380165288	299.1
591.570247933883	591.570247933883	299.2
592.066115702478	592.066115702478	299.3
592.561983471073	592.561983471073	299.4
593.057851239668	593.057851239668	300.1
593.553719008263	593.553719008263	300.2
594.049586776858	594.049586776858	300.3
594.545454545453	594.545454545453	300.4
595.041322314048	595.041322314048	301.1
595.537190082643	595.537190082643	301.2
596.033057851238	596.033057851238	301.3
596.528925619833	596.528925619833	301.4
597.024793388428	597.024793388428	302.1
597.520661157023	597.520661157023	302.2
598.016528925618	598.016528925618	302.3
598.512396694213	598.512396694213	302.4
599.008264462808	599.008264462808	303.1
599.504132231403	599.504132231403	303.2
599.999999999998	599.999999999998	303.3
600.495867768593	600.495867768593	303.4
600.991735537188	600.991735537188	304.1
601.487603305784	601.487603305784	304.2
601.983471074379	601.983471074379	304.3
602.479338842974	602.479338842974	304.4
602.975206611569	602.975206611569	305.1
603.471074380164	603.471074380164	305.2
603.966942148759	603.966942148759	305.3
604.462809917354	604.462809917354	305.4
604.958677685949	604.958677685949	306.1
605.454545454544	605.454545454544	306.2
605.950413223139	605.950413223139	306.3
606.446280991734	606.446280991734	306.4
606.942148760329	606.942148760329	307.1
607.438016528924	607.438016528924	307.2
607.933884297519	607.933884297519	307.3
608.429752066114	608.429752066114	307.4
608.925619834709	608.925619834709	308.1
609.421487603304	609.421487603304	308.2
609.917355371899	609.917355371899	308.3
610.413223140494	610.413223140494	308.4
610.909090909089	610.909090909089	309.1
611.404958677684	611.404958677684	309.2
611.900826446279	611.900826446279	309.3
612.396694214874	612.396694214874	309.4
612.892561983469	612.892561983469	310.1
613.388429752064	613.388429752064	310.2
613.88429752066	613.88429752066	310.3
614.380165289255	614.380165289255	310.4
614.87603305785	614.87603305785	311.1
615.371900826445	615.371900826445	311.2
615.86776859504	615.86776859504	311.3
616.363636363635	616.363636363635	311.4
616.85950413223	616.85950413223	312.1
617.355371900825	617.355371900825	312.2
617.85123966942	617.85123966942	312.3
618.347107438015	618.347107438015	312.4
618.84297520661	618.84297520661	313.1