1.98347107438016	1.98347107438016	2
3.96694214876032	3.96694214876032	3
5.95041322314048	5.95041322314048	4
7.93388429752064	7.93388429752064	5
9.9173553719008	9.9173553719008	6
11.900826446281	11.900826446281	7
13.8842975206611	13.8842975206611	8
15.8677685950413	15.8677685950413	9
17.8512396694214	17.8512396694214	10
19.8347107438016	19.8347107438016	11
21.8181818181818	21.8181818181818	12
23.8016528925619	23.8016528925619	13
25.7851239669421	25.7851239669421	14
27.7685950413222	27.7685950413222	15
29.7520661157024	29.7520661157024	16
31.7355371900826	31.7355371900826	17
33.7190082644627	33.7190082644627	18
35.7024793388429	35.7024793388429	19
37.685950413223	37.685950413223	20
39.6694214876032	39.6694214876032	21
41.6528925619834	41.6528925619834	22
43.6363636363635	43.6363636363635	23
45.6198347107437	45.6198347107437	24
47.6033057851238	47.6033057851238	25
49.586776859504	49.586776859504	26
51.5702479338842	51.5702479338842	27
53.5537190082643	53.5537190082643	28
55.5371900826445	55.5371900826445	29
57.5206611570246	57.5206611570246	30
59.5041322314048	59.5041322314048	31
61.487603305785	61.487603305785	32
63.4710743801651	63.4710743801651	33
65.4545454545453	65.4545454545453	34
67.4380165289254	67.4380165289254	35
69.4214876033056	69.4214876033056	36
71.4049586776858	71.4049586776858	37
73.3884297520659	73.3884297520659	38
75.3719008264461	75.3719008264461	39
77.3553719008262	77.3553719008262	40
79.3388429752064	79.3388429752064	41
81.3223140495866	81.3223140495866	42
83.3057851239667	83.3057851239667	43
85.2892561983469	85.2892561983469	44
87.272727272727	87.272727272727	45
89.2561983471072	89.2561983471072	46
91.2396694214874	91.2396694214874	47
93.2231404958675	93.2231404958675	48
95.2066115702477	95.2066115702477	49
97.1900826446278	97.1900826446278	50
99.173553719008	99.173553719008	51
101.157024793388	101.157024793388	52
103.140495867768	103.140495867768	53
105.123966942148	105.123966942148	54
107.107438016529	107.107438016529	55
109.090909090909	109.090909090909	56
111.074380165289	111.074380165289	57
113.057851239669	113.057851239669	58
115.041322314049	115.041322314049	59
117.024793388429	117.024793388429	60
119.00826446281	119.00826446281	61
120.99173553719	120.99173553719	62
122.97520661157	122.97520661157	63
124.95867768595	124.95867768595	64
126.94214876033	126.94214876033	65
128.92561983471	128.92561983471	66
130.909090909091	130.909090909091	67
132.892561983471	132.892561983471	68
134.876033057851	134.876033057851	69
136.859504132231	136.859504132231	70
138.842975206611	138.842975206611	71
140.826446280991	140.826446280991	72
142.809917355372	142.809917355372	73
144.793388429752	144.793388429752	74
146.776859504132	146.776859504132	75
148.760330578512	148.760330578512	76
150.743801652892	150.743801652892	77
152.727272727272	152.727272727272	78
154.710743801652	154.710743801652	79
156.694214876033	156.694214876033	80
158.677685950413	158.677685950413	81
160.661157024793	160.661157024793	82
162.644628099173	162.644628099173	83
164.628099173553	164.628099173553	84
166.611570247933	166.611570247933	85
168.595041322314	168.595041322314	86
170.578512396694	170.578512396694	87
172.561983471074	172.561983471074	88
174.545454545454	174.545454545454	89
176.528925619834	176.528925619834	90
178.512396694214	178.512396694214	91
180.495867768595	180.495867768595	92
182.479338842975	182.479338842975	93
184.462809917355	184.462809917355	94
186.446280991735	186.446280991735	95
188.429752066115	188.429752066115	96
190.413223140495	190.413223140495	97
192.396694214876	192.396694214876	98
194.380165289256	194.380165289256	99
196.363636363636	196.363636363636	100
198.347107438016	198.347107438016	101
200.330578512396	200.330578512396	102
202.314049586776	202.314049586776	103
204.297520661156	204.297520661156	104
206.280991735537	206.280991735537	105
208.264462809917	208.264462809917	106
210.247933884297	210.247933884297	107
212.231404958677	212.231404958677	108
214.214876033057	214.214876033057	109
216.198347107437	216.198347107437	110
218.181818181818	218.181818181818	111
220.165289256198	220.165289256198	112
222.148760330578	222.148760330578	113
224.132231404958	224.132231404958	114
226.115702479338	226.115702479338	115
228.099173553718	228.099173553718	116
230.082644628099	230.082644628099	117
232.066115702479	232.066115702479	118
234.049586776859	234.049586776859	119
236.033057851239	236.033057851239	120
238.016528925619	238.016528925619	121
239.999999999999	239.999999999999	122
241.98347107438	241.98347107438	123
243.96694214876	243.96694214876	124
245.95041322314	245.95041322314	125
247.93388429752	247.93388429752	126
249.9173553719	249.9173553719	127
251.90082644628	251.90082644628	128
253.88429752066	253.88429752066	129
255.867768595041	255.867768595041	130
257.851239669421	257.851239669421	131
259.834710743801	259.834710743801	132
261.818181818181	261.818181818181	133
263.801652892561	263.801652892561	134
265.785123966941	265.785123966941	135
267.768595041322	267.768595041322	136
269.752066115702	269.752066115702	137
271.735537190082	271.735537190082	138
273.719008264462	273.719008264462	139
275.702479338842	275.702479338842	140
277.685950413222	277.685950413222	141
279.669421487603	279.669421487603	142
281.652892561983	281.652892561983	143
283.636363636363	283.636363636363	144
285.619834710743	285.619834710743	145
287.603305785123	287.603305785123	146
289.586776859503	289.586776859503	147
291.570247933884	291.570247933884	148
293.553719008264	293.553719008264	149
295.537190082644	295.537190082644	150
297.520661157024	297.520661157024	151
299.504132231404	299.504132231404	152
301.487603305784	301.487603305784	153
303.471074380165	303.471074380165	154
305.454545454545	305.454545454545	155
307.438016528925	307.438016528925	156
309.421487603305	309.421487603305	157
311.404958677685	311.404958677685	158
313.388429752065	313.388429752065	159
315.371900826445	315.371900826445	160
317.355371900826	317.355371900826	161
319.338842975206	319.338842975206	162
321.322314049586	321.322314049586	163
323.305785123966	323.305785123966	164
325.289256198346	325.289256198346	165
327.272727272726	327.272727272726	166
329.256198347107	329.256198347107	167
331.239669421487	331.239669421487	168
333.223140495867	333.223140495867	169
335.206611570247	335.206611570247	170
337.190082644627	337.190082644627	171
339.173553719007	339.173553719007	172
341.157024793388	341.157024793388	173
343.140495867768	343.140495867768	174
345.123966942148	345.123966942148	175
347.107438016528	347.107438016528	176
349.090909090908	349.090909090908	177
351.074380165288	351.074380165288	178
353.057851239668	353.057851239668	179
355.041322314049	355.041322314049	180
357.024793388429	357.024793388429	181
359.008264462809	359.008264462809	182
360.991735537189	360.991735537189	183
362.975206611569	362.975206611569	184
364.958677685949	364.958677685949	185
366.94214876033	366.94214876033	186
368.92561983471	368.92561983471	187
370.90909090909	370.90909090909	188
372.89256198347	372.89256198347	189
374.87603305785	374.87603305785	190
376.85950413223	376.85950413223	191
378.842975206611	378.842975206611	192
380.826446280991	380.826446280991	193
382.809917355371	382.809917355371	194
384.793388429751	384.793388429751	195
386.776859504131	386.776859504131	196
388.760330578511	388.760330578511	197
390.743801652892	390.743801652892	198
392.727272727272	392.727272727272	199
394.710743801652	394.710743801652	200
396.694214876032	396.694214876032	201
398.677685950412	398.677685950412	202
400.661157024792	400.661157024792	203
402.644628099173	402.644628099173	204
404.628099173553	404.628099173553	205
406.611570247933	406.611570247933	206
408.595041322313	408.595041322313	207
410.578512396693	410.578512396693	208
412.561983471073	412.561983471073	209
414.545454545453	414.545454545453	210
416.528925619834	416.528925619834	211
418.512396694214	418.512396694214	212
420.495867768594	420.495867768594	213
422.479338842974	422.479338842974	214
424.462809917354	424.462809917354	215
426.446280991734	426.446280991734	216
428.429752066115	428.429752066115	217
430.413223140495	430.413223140495	218
432.396694214875	432.396694214875	219
434.380165289255	434.380165289255	220
436.363636363635	436.363636363635	221
438.347107438015	438.347107438015	222
440.330578512396	440.330578512396	223
442.314049586776	442.314049586776	224
444.297520661156	444.297520661156	225
446.280991735536	446.280991735536	226
448.264462809916	448.264462809916	227
450.247933884296	450.247933884296	228
452.231404958676	452.231404958676	229
454.214876033057	454.214876033057	230
456.198347107437	456.198347107437	231
458.181818181817	458.181818181817	232
460.165289256197	460.165289256197	233
462.148760330577	462.148760330577	234
464.132231404957	464.132231404957	235
466.115702479338	466.115702479338	236
468.099173553718	468.099173553718	237
470.082644628098	470.082644628098	238
472.066115702478	472.066115702478	239
474.049586776858	474.049586776858	240
476.033057851238	476.033057851238	241
478.016528925619	478.016528925619	242
479.999999999999	479.999999999999	243
481.983471074379	481.983471074379	244
483.966942148759	483.966942148759	245
485.950413223139	485.950413223139	246
487.933884297519	487.933884297519	247
489.9173553719	489.9173553719	248
491.90082644628	491.90082644628	249
493.88429752066	493.88429752066	250
495.86776859504	495.86776859504	251
497.85123966942	497.85123966942	252
499.8347107438	499.8347107438	253
501.818181818181	501.818181818181	254
503.801652892561	503.801652892561	255
505.785123966941	505.785123966941	256
507.768595041321	507.768595041321	257
509.752066115701	509.752066115701	258
511.735537190081	511.735537190081	259
513.719008264461	513.719008264461	260
515.702479338842	515.702479338842	261
517.685950413222	517.685950413222	262
519.669421487602	519.669421487602	263
521.652892561982	521.652892561982	264
523.636363636362	523.636363636362	265
525.619834710742	525.619834710742	266
527.603305785123	527.603305785123	267
529.586776859503	529.586776859503	268
531.570247933883	531.570247933883	269
533.553719008263	533.553719008263	270
535.537190082643	535.537190082643	271
537.520661157023	537.520661157023	272
539.504132231404	539.504132231404	273
541.487603305784	541.487603305784	274
543.471074380164	543.471074380164	275
545.454545454544	545.454545454544	276
547.438016528924	547.438016528924	277
549.421487603304	549.421487603304	278
551.404958677684	551.404958677684	279
553.388429752065	553.388429752065	280
555.371900826445	555.371900826445	281
557.355371900825	557.355371900825	282
559.338842975205	559.338842975205	283
561.322314049585	561.322314049585	284
563.305785123965	563.305785123965	285
565.289256198346	565.289256198346	286
567.272727272726	567.272727272726	287
569.256198347106	569.256198347106	288
571.239669421486	571.239669421486	289
573.223140495866	573.223140495866	290
575.206611570246	575.206611570246	291
577.190082644627	577.190082644627	292
579.173553719007	579.173553719007	293
581.157024793387	581.157024793387	294
583.140495867767	583.140495867767	295
585.123966942147	585.123966942147	296
587.107438016527	587.107438016527	297
589.090909090908	589.090909090908	298
591.074380165288	591.074380165288	299
593.057851239668	593.057851239668	300
595.041322314048	595.041322314048	301
597.024793388428	597.024793388428	302
599.008264462808	599.008264462808	303
600.991735537188	600.991735537188	304
602.975206611569	602.975206611569	305
604.958677685949	604.958677685949	306
606.942148760329	606.942148760329	307
608.925619834709	608.925619834709	308
610.909090909089	610.909090909089	309
612.892561983469	612.892561983469	310
614.87603305785	614.87603305785	311
616.85950413223	616.85950413223	312